0 25 891 90 137 11 177 94 20 1 282 99 20 75 71 47 90 88 18 35 10 57 113 59 300 55 151 22 247 13 23 31 300 81 173 91 101 82 62 53 15 60 172 89 182 70 231 21 140 65 130 96 129
1 25 820 40 47 35 290 69 281 54 243 63 105 75 187 93 17 87 26 79 191 90 115 81 124 84 111 44 23 27 126 18 255 65 117 89 7 37 21 60 279 17 253 22 209 34 99 51 25 5 164 48 67
2 25 815 7 223 45 232 40 199 49 108 39 255 44 11 66 122 46 282 26 19 90 95 78 175 80 200 85 196 56 148 96 275 55 18 19 238 9 170 38 117 60 192 71 10 82 216 91 259 34 233 53 263
3 25 669 7 298 43 58 82 38 66 182 33 240 88 150 10 177 11 79 15 27 39 6 86 109 19 76 58 78 9 290 23 148 31 165 65 255 46 87 14 85 89 123 61 251 54 75 77 244 4 199 85 179
4 25 718 56 262 39 297 95 261 45 178 78 102 42 132 24 39 70 289 23 10 11 83 60 116 10 288 59 42 2 162 40 186 92 248 99 82 44 145 43 140 22 272 41 163 55 16 53 124 75 186 19 210
5 25 708 97 34 19 185 45 212 38 58 3 123 50 150 73 231 46 217 25 37 91 48 78 205 2 45 58 78 1 284 63 19 93 211 4 63 95 248 74 32 6 229 7 130 30 189 27 299 66 64 89 13
6 25 829 93 193 67 189 50 44 89 34 58 59 78 268 15 93 14 118 98 219 46 104 77 228 33 118 54 183 83 17 71 147 9 64 13 298 65 208 38 250 17 149 80 37 72 151 28 189 48 299 87 203
7 25 699 75 214 88 292 67 270 26 236 41 25 44 256 89 93 20 97 83 122 65 83 1 201 97 172 3 224 12 203 22 98 5 149 63 192 40 230 14 18 6 42 60 61 30 105 32 78 87 53 95 69
8 25 706 53 195 65 76 50 188 88 252 62 285 56 10 48 300 1 29 70 245 11 204 82 293 8 113 22 294 66 116 14 70 63 130 46 112 33 63 31 69 40 168 21 192 96 185 92 254 24 96 35 216
9 25 822 55 300 90 201 17 205 14 286 67 144 83 130 65 215 92 195 36 114 86 203 34 129 51 219 42 224 89 111 81 44 10 270 96 78 27 9 63 245 4 246 75 168 12 266 99 79 2 165 80 104
10 25 880 83 169 97 58 34 138 68 15 33 29 36 228 6 262 21 207 92 218 11 181 98 225 80 129 27 133 93 206 84 184 60 21 4 26 53 184 62 232 90 75 79 65 59 115 95 224 22 287 81 109
11 25 690 65 7 93 100 19 65 3 44 70 87 57 1 28 284 20 141 16 30 71 133 29 247 99 171 74 292 79 55 1 195 13 145 94 131 9 197 27 278 35 83 31 214 66 250 54 134 80 124 18 34
12 25 832 4 16 84 174 8 158 66 38 64 18 32 128 62 225 59 70 73 185 100 259 19 130 72 137 31 277 70 162 52 39 95 156 54 179 81 61 88 298 98 103 15 81 30 228 57 188 50 230 24 149
13 25 746 40 195 30 164 31 160 52 74 92 90 68 199 43 146 79 255 33 29 35 95 84 17 23 240 56 72 21 80 72 161 74 53 24 56 64 215 7 37 58 196 5 156 38 202 87 292 67 95 61 278
14 25 645 37 83 69 193 6 190 24 177 50 49 29 125 4 245 39 262 81 297 57 285 46 187 42 289 73 108 35 45 64 282 3 132 26 209 21 1 22 49 18 298 62 89 65 42 79 40 34 58 89 41
15 25 856 92 133 61 55 66 264 38 91 24 11 43 60 84 243 29 182 46 290 70 62 58 186 62 249 55 178 82 12 75 203 98 235 9 16 50 247 6 173 49 285 65 73 41 255 94 202 90 251 40 251
16 25 696 94 180 33 106 97 107 60 294 42 121 61 291 19 167 16 127 67 252 18 109 43 249 22 236 3 11 39 42 13 138 87 244 70 292 40 129 4 186 24 246 12 94 79 220 30 182 89 191 98 131
17 25 751 91 71 67 145 82 5 38 146 94 125 90 215 68 229 43 271 14 264 46 112 28 39 75 158 10 5 40 299 47 137 29 137 7 247 34 40 3 271 96 95 27 163 63 7 57 285 73 221 31 284
18 25 730 21 258 57 31 14 96 81 12 84 209 1 243 56 234 34 158 4 271 6 51 49 268 13 56 76 297 80 248 79 15 47 52 24 256 38 51 87 122 29 29 62 239 85 44 88 133 63 252 40 38
19 25 729 19 286 31 233 84 82 57 139 15 46 42 128 46 28 1 147 8 30 32 221 20 269 5 63 38 177 11 77 66 211 96 3 93 280 87 74 88 77 40 85 70 167 97 219 29 256 60 177 81 181
20 25 797 33 240 70 9 51 199 27 113 46 29 5 225 67 230 65 96 69 49 87 31 14 105 59 269 57 171 97 175 30 60 90 199 20 292 56 42 12 19 93 241 83 288 61 31 47 114 18 4 72 186
21 25 798 60 142 35 86 44 264 45 186 62 265 77 11 10 33 4 36 96 122 81 37 56 20 97 239 24 196 52 193 99 23 79 58 17 265 43 260 28 40 41 4 74 151 65 158 55 253 53 128 33 41
22 25 747 84 4 38 222 80 285 73 172 83 47 2 292 15 266 34 27 93 173 23 34 28 48 5 190 45 210 70 29 53 32 91 26 11 75 50 183 57 148 48 163 89 94 58 111 27 286 59 63 30 115
23 25 659 4 174 76 73 54 78 25 37 68 202 48 243 51 282 99 99 17 199 61 118 32 201 12 89 11 90 26 221 52 255 36 208 80 111 85 240 57 222 8 58 21 50 2 300 70 250 71 140 33 123
24 25 807 51 174 33 192 99 106 96 6 41 3 37 3 82 122 43 138 2 248 63 203 8 116 54 218 85 204 40 224 36 14 26 109 98 218 60 3 13 165 95 67 1 250 48 222 92 238 64 45 78 247
25 25 715 44 193 13 278 55 104 53 143 17 279 51 14 48 110 12 26 63 78 27 212 25 100 14 116 99 298 93 197 86 149 57 63 3 60 67 145 76 45 42 44 58 55 35 220 32 161 84 9 38 122
26 25 720 27 237 72 20 33 216 5 281 73 219 36 232 37 180 60 134 79 101 77 88 10 284 22 81 15 34 64 175 45 2 49 224 90 220 43 122 87 99 55 59 69 190 91 105 21 202 38 200 2 167
27 25 792 87 163 50 160 43 16 93 207 91 289 60 291 12 249 10 154 22 148 4 28 7 72 69 249 77 90 66 41 3 32 79 65 81 290 97 182 65 139 70 224 29 82 24 90 46 237 73 195 62 42
28 25 725 43 290 83 44 8 275 46 239 5 10 72 94 69 120 75 33 10 196 57 190 77 180 79 264 67 6 50 214 56 109 25 100 16 299 97 6 3 107 29 196 22 259 9 117 98 146 47 28 66 224
29 25 759 60 284 18 15 92 142 66 159 63 217 94 121 97 241 47 297 14 5 5 31 72 155 76 170 82 36 44 228 1 20 39 184 37 254 28 31 71 238 22 185 54 268 51 260 3 99 74 108 55 256
30 25 714 31 109 43 218 95 22 18 166 61 53 3 266 32 33 36 70 6 21 23 273 77 25 85 232 58 39 78 113 21 238 72 280 12 66 54 81 14 185 86 279 17 70 66 86 75 238 60 100 67 85
31 25 772 84 298 59 241 88 88 5 8 78 99 79 109 10 44 62 142 27 227 26 64 57 42 33 123 8 112 87 59 23 142 75 33 34 262 73 238 69 250 99 58 49 95 72 290 21 198 15 185 55 109
32 25 870 69 29 87 28 40 225 86 70 99 279 44 32 12 258 4 101 78 153 88 277 62 36 71 233 77 243 83 92 79 37 52 248 17 238 27 8 15 113 13 91 73 244 55 30 59 103 95 35 65 82
33 25 723 57 49 59 100 31 2 30 19 53 29 35 242 56 143 20 271 69 10 43 64 16 124 63 123 83 65 17 269 81 250 26 230 8 277 60 109 58 231 13 87 65 55 94 259 62 113 82 174 24 146
34 25 933 90 200 60 64 82 224 32 102 57 181 79 86 41 7 97 149 65 227 14 203 44 120 96 2 81 260 83 163 33 59 74 258 19 137 91 142 20 192 98 1 71 135 77 184 93 162 54 195 5 73
35 25 692 42 259 6 1 41 68 34 51 27 259 8 45 48 98 38 267 90 288 67 212 74 59 88 57 33 219 5 27 75 130 69 133 35 121 26 102 76 280 65 184 12 281 78 22 52 97 7 73 58 205
36 25 610 4 263 83 179 44 103 11 178 24 188 31 229 64 62 45 247 37 108 79 253 38 53 5 34 85 34 92 109 67 250 65 71 48 1 7 202 36 125 51 66 6 14 27 102 12 15 10 42 47 94
37 25 711 23 232 31 56 39 123 24 56 45 239 55 245 56 7 32 233 57 197 90 22 91 33 89 100 27 56 98 220 78 229 50 134 4 41 8 127 96 252 66 250 48 162 6 294 15 242 36 17 21 121
38 25 560 5 120 47 160 18 218 38 98 20 123 1 112 30 128 59 133 45 260 32 158 16 137 51 57 3 93 34 291 61 206 11 265 26 109 25 195 78 114 92 97 36 45 8 117 72 218 49 168 77 80
39 25 852 25 193 68 176 49 171 20 134 61 180 40 23 96 117 83 72 63 260 85 106 9 172 50 68 88 73 86 288 62 67 65 106 35 192 54 257 17 194 31 191 89 147 73 161 84 97 66 192 21 216
40 25 865 60 8 40 297 96 280 58 114 64 200 39 69 8 201 24 146 38 266 86 236 98 196 74 295 62 65 15 229 76 74 68 124 21 299 82 287 46 297 84 117 36 177 81 214 87 67 2 276 97 149
41 25 671 10 110 66 76 90 41 2 110 17 22 8 198 60 154 46 298 89 62 43 125 38 63 5 204 1 23 57 277 39 5 77 100 67 142 76 256 35 129 65 151 50 225 62 130 45 259 18 158 53 142
42 25 717 48 267 47 103 68 121 11 296 59 15 72 259 81 14 86 137 14 253 50 215 77 249 76 6 45 186 24 254 90 165 53 57 63 7 36 17 71 294 32 242 4 212 7 189 6 254 21 281 55 96
43 25 792 39 251 34 62 57 123 78 109 79 293 16 254 28 132 76 173 15 18 77 179 17 278 82 123 88 43 63 195 90 101 97 223 14 153 98 191 35 181 62 64 9 287 26 163 2 31 86 35 53 268
44 25 798 74 247 30 268 37 182 17 59 95 121 8 37 34 236 72 66 69 85 77 71 60 255 85 68 68 5 42 272 15 219 53 35 55 234 51 165 28 123 73 65 57 8 88 74 76 224 52 295 14 58
45 25 735 31 233 65 98 38 258 70 261 25 288 14 59 94 247 61 258 27 183 30 143 91 37 12 153 19 116 99 85 73 282 69 138 58 95 39 84 29 32 82 41 42 108 76 71 2 166 8 231 71 136
46 25 712 53 286 86 289 11 67 57 100 50 167 94 149 85 65 40 20 45 223 1 138 64 209 13 35 10 30 93 212 80 64 2 165 4 12 84 160 33 26 56 133 62 172 24 281 17 299 82 54 42 218
47 25 772 48 3 47 293 58 57 26 273 43 76 21 278 88 31 62 65 86 146 79 10 22 59 20 192 31 233 85 248 33 40 46 25 56 81 64 180 90 58 8 210 87 295 92 100 11 130 45 189 39 166
48 25 855 16 137 91 146 70 228 45 154 67 142 78 252 97 11 77 52 76 184 62 262 30 5 13 92 34 58 81 272 75 280 87 164 84 285 28 138 15 270 19 18 25 185 94 129 61 129 90 74 10 94
49 25 754 87 202 28 296 82 251 22 213 38 237 34 21 21 283 1 58 97 222 73 215 39 149 52 185 77 264 13 118 37 175 64 275 76 243 9 193 96 221 30 32 54 3 53 88 3 62 85 124 86 99
