0 25 707 45 145 38 176 43 107 74 56 72 87 34 8 84 272 92 65 28 205 98 154 59 253 36 184 39 270 61 187 71 157 83 260 33 125 67 58 80 190 97 165 50 232 41 296 64 298 23 113 3 281
1 25 557 65 139 50 229 86 162 15 56 19 198 68 103 74 134 12 254 75 108 18 24 39 6 17 34 21 114 8 233 16 89 6 5 99 186 90 161 1 297 31 250 64 85 23 249 96 28 24 156 98 99
2 25 700 94 203 15 280 75 80 87 7 48 227 8 53 83 107 91 224 19 291 21 1 92 36 85 66 32 146 60 287 43 158 33 297 73 212 71 204 50 129 51 29 37 156 63 95 46 287 65 188 59 217
3 25 768 79 46 1 296 82 184 41 141 71 235 51 103 31 175 66 53 78 167 34 129 95 222 84 258 68 129 96 284 54 200 46 299 93 81 35 186 73 5 20 23 59 103 97 224 55 275 91 140 37 61
4 25 640 38 46 80 18 41 163 85 46 62 82 45 13 26 177 48 11 49 204 31 224 63 285 20 286 91 146 28 31 65 143 89 210 23 258 3 185 94 48 99 227 44 11 53 20 58 115 21 62 24 229
5 25 586 15 161 20 161 41 202 60 257 44 101 18 118 58 220 3 152 68 1 78 111 63 182 83 221 97 103 34 293 98 209 74 64 21 145 24 161 46 136 69 141 36 87 59 45 13 248 25 65 26 188
6 25 532 27 259 22 99 55 276 32 248 73 92 21 36 13 117 12 125 62 199 46 54 86 132 30 189 24 178 66 140 53 267 26 65 68 1 49 167 92 139 60 56 23 233 78 221 6 109 33 188 8 65
7 25 659 14 200 19 218 66 283 43 282 2 243 82 68 67 126 6 79 81 212 1 113 79 274 42 52 31 2 36 118 51 95 34 116 94 4 86 159 87 80 93 188 75 226 56 93 13 223 84 177 76 96
8 25 673 7 149 90 58 79 291 93 249 88 182 61 181 86 46 92 172 77 36 11 251 18 96 64 83 47 259 94 265 41 183 23 172 26 167 20 18 54 1 78 287 38 75 30 109 52 165 37 49 40 119
9 25 743 67 286 29 259 80 94 52 114 68 223 39 86 94 57 92 146 86 178 84 161 59 192 64 223 63 117 99 252 66 39 22 284 76 251 7 96 45 121 15 19 12 267 91 258 5 220 93 265 78 284
10 25 627 80 252 99 296 51 150 13 141 71 248 68 273 42 275 38 95 82 57 5 234 20 24 76 229 28 196 21 144 25 5 75 177 55 70 79 104 35 171 26 282 64 166 10 300 69 67 33 40 90 208
11 25 590 69 269 55 289 64 80 45 238 8 299 59 38 54 145 80 179 97 130 53 261 47 217 22 46 37 88 30 77 29 290 44 33 12 275 1 34 28 160 71 34 56 30 13 234 79 142 39 191 88 55
12 25 709 12 286 92 300 15 168 80 4 29 200 96 40 74 125 93 208 5 104 30 38 59 112 2 93 90 295 31 180 34 285 43 219 76 194 95 174 89 206 88 254 14 130 85 73 86 188 54 275 47 265
13 25 643 76 191 6 122 21 237 56 157 80 274 85 273 59 279 98 300 37 299 39 242 92 52 23 276 9 164 30 283 62 46 11 152 52 232 24 288 87 180 67 13 16 92 71 247 89 22 35 40 61 176
14 25 590 31 12 50 258 40 58 21 269 93 82 14 255 33 117 38 256 5 225 88 223 89 155 11 101 55 33 35 94 62 76 56 12 95 121 54 15 13 287 29 219 72 145 57 279 1 133 66 224 73 43
15 25 520 15 208 88 207 21 263 32 296 9 105 1 24 17 187 4 236 58 300 44 137 76 54 96 126 64 278 51 59 45 10 46 151 30 209 14 256 26 18 56 1 86 42 52 155 16 140 55 191 38 123
16 25 438 46 68 73 204 12 182 1 214 11 161 31 24 16 108 93 271 8 179 65 263 51 68 17 167 7 24 57 203 5 147 25 50 14 197 77 130 6 190 41 66 72 16 82 179 9 204 38 39 20 300
17 25 626 89 87 17 155 45 192 64 248 96 110 72 146 75 221 50 51 7 292 42 173 10 106 70 9 32 8 29 31 67 199 3 212 90 166 59 186 27 182 83 153 54 284 56 91 94 297 15 9 6 120
18 25 567 3 75 28 34 82 208 64 130 75 15 32 286 4 249 96 41 27 129 79 283 11 133 90 1 26 286 15 87 44 186 89 270 13 122 21 237 33 47 51 16 7 16 99 42 74 220 41 36 30 36
19 25 564 29 168 2 215 11 287 55 280 51 176 35 23 65 67 69 115 34 152 21 149 82 172 42 41 45 161 81 280 16 63 67 145 30 220 92 258 18 271 60 93 58 83 57 224 3 124 10 107 96 258
20 25 644 40 267 80 263 12 13 94 128 75 60 24 4 31 186 95 40 3 17 48 174 34 256 50 188 79 259 46 227 68 86 93 219 65 208 77 201 10 3 13 233 58 43 70 52 83 273 21 234 20 46
21 25 522 67 227 47 54 58 257 84 225 37 228 43 101 35 225 30 36 34 32 18 90 42 288 93 276 12 65 9 283 63 127 33 266 1 42 20 281 36 120 15 161 2 46 85 1 16 126 95 203 70 222
22 25 608 66 135 31 248 49 9 8 209 41 226 26 24 19 43 6 55 15 73 67 167 12 151 79 227 76 273 81 98 94 146 32 76 45 32 37 53 40 77 78 266 53 255 84 247 13 190 85 156 80 62
23 25 588 20 282 40 198 10 164 79 107 76 90 85 173 21 73 25 60 2 254 77 54 8 161 72 50 65 208 58 44 70 177 9 74 34 273 52 140 82 180 81 18 1 91 28 213 44 281 89 97 48 164
24 25 552 51 112 71 208 7 40 84 232 1 209 17 173 13 209 6 292 89 75 95 42 22 254 60 154 42 108 45 143 56 8 19 79 4 26 18 239 9 70 47 77 59 285 99 2 26 126 96 267 69 272
25 25 654 54 174 65 161 19 107 68 78 3 287 56 106 64 26 96 124 95 243 89 253 37 139 55 214 50 232 6 71 11 244 67 271 14 26 39 92 80 177 99 186 92 76 81 167 23 275 18 63 28 106
26 25 577 1 182 19 217 83 2 74 105 56 84 49 175 54 114 44 257 31 172 8 268 63 83 29 57 75 199 2 4 72 135 23 288 70 76 61 274 32 96 6 149 88 157 45 196 87 16 3 155 79 38
27 25 703 55 259 94 129 57 265 83 213 36 269 87 75 38 62 12 93 82 237 50 82 76 206 26 72 45 242 74 299 72 11 5 182 85 91 21 167 3 156 88 289 25 50 68 188 95 249 77 244 52 202
28 25 547 8 123 46 1 49 44 72 211 5 67 84 195 87 3 94 190 37 75 66 39 42 206 85 142 82 228 24 185 29 283 26 283 21 206 18 20 10 237 4 257 23 158 69 47 43 64 68 130 2 195
29 25 564 5 287 76 87 46 1 21 253 22 26 93 88 58 196 44 233 53 248 1 151 95 215 83 235 43 113 37 90 17 75 56 120 24 290 54 297 41 107 30 84 39 135 91 285 28 37 51 203 20 238
30 25 647 98 184 26 187 52 100 3 207 71 71 35 94 13 140 90 195 80 196 24 15 86 58 49 28 95 176 65 97 79 136 34 228 19 59 14 170 10 268 29 180 38 15 73 150 54 115 96 33 62 72
31 25 593 99 100 81 247 27 275 23 243 24 253 30 157 80 200 68 293 22 177 12 250 57 101 16 81 51 221 95 98 5 9 69 103 8 102 49 286 28 171 75 110 54 10 98 131 9 132 59 262 47 140
32 25 662 64 67 86 61 71 94 82 225 53 83 73 239 10 196 19 161 70 80 20 176 89 146 25 271 48 134 2 207 95 300 98 58 18 183 40 29 51 164 81 285 37 271 84 189 7 205 21 126 80 109
33 25 640 71 105 80 118 90 233 76 136 33 173 45 50 56 166 36 17 53 116 41 87 47 176 27 105 81 47 82 212 8 4 68 39 74 109 49 244 3 122 40 5 29 106 46 64 50 231 26 43 69 225
34 25 660 18 96 29 50 94 11 14 101 66 81 39 239 90 162 88 185 64 61 77 120 41 34 65 156 7 115 38 184 57 207 8 126 54 189 76 247 51 189 16 21 55 262 99 215 75 86 46 108 53 66
35 25 636 17 90 49 25 96 109 50 49 97 77 48 247 99 262 38 188 16 51 39 161 5 114 75 90 11 182 92 163 8 253 84 300 34 101 4 262 2 279 98 63 68 285 31 118 91 67 79 57 41 221
36 25 668 19 75 12 182 25 272 86 124 55 237 83 140 89 86 2 288 39 132 37 2 99 122 84 68 96 26 34 27 82 27 47 153 1 10 77 281 71 101 88 259 27 48 21 280 87 159 63 224 13 97
37 25 630 95 181 44 73 14 70 6 92 68 58 78 143 21 110 65 21 49 124 55 276 23 127 7 61 86 170 84 249 82 80 96 214 24 68 28 245 73 71 31 15 42 225 35 3 90 7 52 265 13 179
38 25 662 39 40 37 299 25 158 35 25 92 166 20 105 89 87 84 286 12 155 50 194 69 243 18 103 97 259 61 148 75 73 78 213 15 264 88 172 98 213 63 163 4 71 3 241 34 157 42 127 96 179
39 25 720 32 255 91 232 29 164 9 194 27 75 57 215 99 206 79 113 20 162 23 284 35 263 69 191 56 95 68 39 43 146 97 237 54 77 52 114 70 178 89 178 44 239 74 51 55 288 77 23 92 292
40 25 602 11 47 38 78 80 276 12 76 65 205 15 178 26 44 18 104 88 108 90 13 59 244 93 221 23 213 64 66 62 203 1 251 83 76 10 39 78 214 5 256 92 248 25 47 87 233 36 200 43 280
41 25 645 51 135 52 25 99 267 90 121 28 45 21 31 27 48 92 288 86 70 2 290 77 145 53 191 76 185 26 127 79 205 78 265 56 154 63 122 44 184 88 156 32 266 4 223 41 44 6 83 20 50
42 25 651 72 73 40 247 9 166 74 88 22 203 52 278 56 115 51 51 50 52 90 205 35 55 8 258 60 201 53 17 83 173 19 54 97 110 57 27 77 196 49 79 48 178 14 80 85 163 84 27 18 81
43 25 613 27 227 92 127 80 261 61 204 79 266 52 188 17 8 67 194 4 115 24 203 44 158 16 123 95 230 6 121 48 224 53 26 2 197 81 157 64 136 87 29 74 98 40 291 50 6 14 252 49 224
44 25 584 19 224 70 300 29 242 47 204 46 125 6 142 28 38 50 144 74 36 72 260 62 21 53 11 7 159 77 210 59 52 34 121 79 163 26 118 75 201 13 2 38 38 96 249 51 16 3 79 55 223
45 25 597 24 206 2 57 78 181 71 191 58 89 49 159 15 201 87 179 3 211 16 292 6 65 94 273 96 51 35 161 57 157 36 214 11 92 91 291 63 181 48 203 30 158 69 30 44 248 84 206 27 111
46 25 573 79 120 36 101 68 186 28 143 92 63 56 2 6 99 44 20 43 274 8 200 90 196 25 101 4 252 64 283 71 99 35 238 84 170 17 178 62 131 86 115 37 84 11 56 14 5 82 274 5 124
47 25 590 15 152 65 139 4 268 90 267 2 213 37 150 1 58 19 30 71 49 67 38 85 202 48 193 16 252 74 289 8 149 55 59 13 93 32 235 81 86 47 198 50 31 66 79 98 239 99 99 38 43
48 25 607 66 189 16 206 49 216 60 259 28 253 73 12 87 154 85 103 22 132 52 204 50 282 57 164 79 95 14 30 84 57 95 273 24 101 40 12 31 19 64 204 82 202 9 230 38 211 3 170 7 71
49 25 672 95 163 34 26 10 247 55 93 1 117 79 153 89 270 65 172 88 180 75 70 35 51 71 197 54 92 12 162 56 126 47 181 87 94 32 200 40 200 78 192 8 60 86 208 73 120 58 95 16 163
