0 25 263 18 42 35 69 6 92 12 38 29 29 19 266 9 179 27 163 30 82 32 45 14 72 15 125 38 244 36 45 2 126 26 228 24 19 1 7 11 24 23 20 4 283 17 107 34 244 37 125 28 249
1 25 252 7 255 26 282 33 195 14 32 32 144 27 29 24 269 20 294 5 83 40 13 9 12 6 184 23 250 4 232 10 283 36 265 30 99 21 197 39 136 17 278 1 181 12 40 34 300 31 235 3 193
2 25 214 4 298 16 264 22 166 18 263 9 5 5 146 28 117 14 166 13 11 35 133 3 7 11 293 23 228 20 191 32 73 8 189 15 296 25 224 12 91 29 236 1 298 21 28 17 180 38 156 10 130
3 25 232 18 265 9 289 15 52 21 262 1 147 29 237 2 12 39 32 20 15 31 152 12 232 25 4 32 133 16 149 17 30 30 201 10 30 7 242 34 288 3 67 5 231 6 96 23 121 35 57 24 10
4 25 270 27 173 36 260 14 236 13 53 7 114 38 166 24 81 32 257 15 62 22 185 9 299 39 237 6 175 33 101 16 31 12 290 19 39 34 144 25 100 5 212 29 168 21 10 1 37 28 150 35 126
5 25 269 26 292 12 150 13 288 21 118 31 222 28 129 11 85 27 107 39 23 18 193 37 45 38 81 7 168 16 184 19 268 33 251 5 68 36 277 34 26 4 212 24 249 10 149 32 87 1 123 17 152
6 25 260 37 115 17 77 11 3 32 239 8 129 20 51 25 211 36 17 6 276 12 247 30 228 26 219 35 152 28 147 21 142 23 237 5 17 14 266 4 56 33 1 34 269 38 191 10 189 9 35 7 224
7 25 260 38 206 2 98 20 136 26 256 12 177 10 119 37 196 4 80 3 76 32 176 36 90 19 123 31 59 39 93 30 294 15 115 1 153 14 271 11 290 6 122 28 234 25 96 21 94 34 256 27 117
8 25 255 27 300 39 114 7 130 19 168 20 73 21 270 15 82 23 54 6 208 9 266 13 114 1 41 26 259 14 205 38 152 18 264 29 184 8 256 32 117 30 53 3 2 28 56 37 205 31 70 17 111
9 25 255 7 135 9 160 32 7 23 161 2 96 29 257 36 264 30 24 26 102 27 161 14 6 10 262 38 211 18 60 25 269 17 116 16 100 19 37 20 14 5 167 33 204 28 178 1 206 11 163 35 183
10 25 237 35 2 9 166 10 60 4 66 36 120 37 188 33 224 12 52 29 227 11 146 27 36 20 139 22 271 13 140 17 287 34 211 6 235 25 122 1 239 2 257 31 172 8 266 18 59 19 150 15 188
11 25 278 39 229 24 12 15 9 32 26 37 156 27 5 18 239 6 166 4 274 22 104 36 132 11 83 35 39 9 279 34 217 2 189 29 278 13 85 20 231 23 204 16 144 28 171 30 253 21 240 26 278
12 25 271 32 143 21 173 3 61 23 231 15 184 35 292 25 273 37 129 29 233 8 171 19 37 36 280 16 95 28 246 20 17 17 14 9 97 39 264 27 73 33 298 7 10 38 227 14 65 10 252 1 25
13 25 272 31 128 39 271 33 291 7 209 24 36 10 152 32 232 30 107 23 113 35 52 29 18 27 160 3 220 22 113 11 253 26 274 18 240 8 139 2 1 13 293 28 221 9 116 37 270 34 73 14 236
14 25 195 5 293 22 51 3 203 30 198 24 142 23 228 13 202 21 94 18 113 1 97 2 266 10 225 11 22 6 98 19 148 4 113 7 98 15 157 36 151 9 52 20 122 14 217 26 135 35 111 16 221
15 25 247 22 65 14 180 33 230 25 171 27 299 39 7 34 229 26 122 21 178 15 101 2 288 18 147 35 251 13 285 20 257 28 124 11 239 3 259 6 281 9 44 38 61 10 238 30 139 7 37 8 170
16 25 238 29 245 36 188 21 163 12 231 1 151 2 84 7 116 10 22 30 19 23 190 8 72 4 217 11 269 19 229 25 128 33 212 5 74 28 174 9 66 15 227 35 190 37 211 39 94 3 50 34 48
17 25 255 22 95 17 163 2 181 24 222 38 216 25 253 19 194 9 275 31 241 34 9 35 56 30 195 3 232 36 288 12 258 28 172 20 227 37 17 21 21 27 124 5 122 15 91 13 153 6 70 1 89
18 25 251 11 117 38 273 17 230 28 187 23 3 30 229 19 237 16 150 7 252 6 24 31 158 36 82 39 161 3 153 12 174 29 201 37 130 8 135 15 17 33 106 34 16 2 156 5 8 10 277 13 116
19 25 246 15 148 5 65 36 195 4 123 9 90 39 74 27 93 35 256 12 95 29 239 18 53 26 172 34 222 38 292 7 274 6 266 10 283 1 165 25 8 20 85 30 107 33 15 2 268 24 132 8 191
20 25 227 15 146 25 64 4 156 21 245 22 294 26 243 8 73 38 97 34 95 5 195 39 49 17 62 9 124 13 283 1 149 7 76 24 247 20 266 32 143 23 234 35 252 12 91 6 237 16 200 2 126
21 25 253 20 98 19 49 34 191 3 46 11 181 22 147 1 164 10 36 6 156 30 132 39 221 31 37 38 12 14 229 2 204 37 135 15 112 12 237 32 53 26 246 17 182 36 298 18 86 9 299 25 270
22 25 251 23 294 36 49 5 88 37 96 32 120 38 137 17 110 28 130 13 265 12 248 22 223 8 259 26 98 15 227 20 83 24 222 29 272 9 250 18 118 27 258 2 11 39 235 16 34 3 293 4 269
23 25 282 19 235 29 53 39 164 14 27 15 139 38 176 25 25 12 282 8 183 30 121 22 54 35 48 37 119 5 57 11 283 17 61 27 35 10 34 26 14 18 234 32 242 6 112 20 237 36 159 33 208
24 25 264 35 265 26 141 14 151 6 280 28 300 36 51 33 127 9 3 18 239 7 108 24 231 19 110 25 2 5 231 30 72 12 272 29 211 11 240 38 282 32 76 22 235 16 283 34 93 4 2 15 141
25 25 268 4 286 2 214 16 21 3 249 33 239 10 239 35 177 26 25 28 135 39 127 22 4 36 14 30 37 17 107 18 282 34 190 24 23 12 37 7 11 25 252 13 283 32 146 38 148 27 236 5 105
26 25 227 28 38 14 103 12 188 37 16 11 273 4 297 15 209 22 278 32 247 2 154 31 27 18 185 29 33 23 13 17 122 5 214 33 281 25 188 8 144 1 150 7 190 21 20 30 123 3 99 27 72
27 25 284 30 269 28 129 13 30 20 203 25 256 15 54 22 184 12 169 37 193 21 18 7 114 1 223 27 21 17 173 32 167 33 286 39 217 35 188 34 75 16 158 26 153 14 182 8 140 38 145 18 150
28 25 210 37 272 17 142 7 133 31 113 6 293 13 217 4 282 10 99 3 26 24 205 15 91 12 12 19 130 36 28 33 173 21 199 9 56 18 266 22 288 26 293 20 68 16 292 14 35 2 114 5 114
29 25 222 14 276 2 57 7 274 26 94 23 123 27 103 1 41 25 142 28 150 39 20 10 186 8 173 12 42 5 233 18 240 36 19 9 134 24 154 6 1 22 125 20 197 16 98 4 208 29 297 33 203
30 25 236 5 222 14 272 12 242 26 35 7 85 33 174 10 286 27 43 35 63 9 274 11 37 31 214 16 211 2 300 36 110 24 34 28 18 23 177 15 97 30 178 6 36 18 154 29 69 8 103 17 294
31 25 242 37 142 23 45 20 118 13 214 25 88 3 127 17 160 2 256 19 161 1 139 28 1 14 162 7 104 32 98 34 93 33 265 30 85 10 26 24 292 12 240 11 13 8 195 16 222 39 68 27 100
32 25 247 14 70 4 286 2 2 34 35 6 166 39 55 30 280 32 174 12 284 5 174 8 112 29 131 24 136 22 255 31 62 33 265 25 174 38 218 20 163 3 10 9 101 16 122 23 286 21 89 15 222
33 25 251 16 152 19 161 29 108 20 84 31 129 4 275 38 256 9 91 37 14 6 194 7 91 14 107 1 159 30 175 35 13 13 7 2 120 17 62 27 120 28 176 36 71 25 218 10 243 15 200 34 96
34 25 264 39 15 10 205 28 34 11 261 5 89 29 267 8 54 3 275 37 79 16 149 27 80 4 258 23 111 18 33 38 247 17 32 25 203 24 8 30 171 15 143 20 53 35 176 36 232 19 51 12 35
35 25 231 12 228 6 23 16 54 2 192 8 249 15 68 10 205 3 249 39 198 21 72 36 199 29 197 34 84 20 48 7 199 5 229 14 271 38 290 25 199 27 297 18 220 28 74 9 23 4 242 37 110
36 25 251 13 13 10 286 23 79 31 261 9 42 37 19 29 156 30 115 4 161 24 123 8 52 12 271 1 75 16 156 25 142 35 164 17 60 34 25 28 15 26 95 38 294 18 149 15 279 6 210 14 28
37 25 255 29 141 23 104 35 251 16 108 27 183 3 218 33 50 25 150 24 122 1 23 18 90 17 87 11 23 22 193 36 48 26 263 38 72 32 42 2 33 39 294 8 133 19 295 4 113 14 83 9 130
38 25 256 5 54 25 134 38 41 18 219 2 150 16 245 26 214 33 99 20 231 15 43 14 213 17 216 27 265 31 71 8 34 34 218 28 163 13 72 21 85 36 200 6 115 30 133 29 173 19 54 1 286
39 25 249 17 135 23 19 36 299 18 162 24 235 9 278 27 60 38 45 20 2 32 71 39 47 13 23 37 41 5 213 6 24 21 236 1 202 19 276 2 276 34 1 25 130 12 298 22 294 8 160 11 98
40 25 245 34 3 30 230 13 173 27 46 10 10 18 45 19 95 17 32 2 163 4 67 24 255 36 157 8 298 14 166 31 268 1 231 39 198 15 84 9 125 11 240 37 35 5 233 32 244 20 234 35 1
41 25 245 23 90 1 127 39 78 34 70 29 272 6 156 28 170 7 212 17 57 24 109 25 67 38 82 8 134 35 17 27 19 10 288 37 231 26 255 15 41 2 176 13 247 9 141 11 207 22 107 4 50
42 25 244 37 287 38 54 1 72 6 214 8 284 19 32 23 239 24 213 17 93 33 185 18 160 9 71 15 172 11 273 29 49 31 43 21 214 14 213 4 104 26 94 28 118 12 283 35 176 20 86 10 10
43 25 243 10 174 22 92 38 171 28 265 20 254 12 186 6 75 9 110 32 83 29 150 13 92 4 299 27 63 37 290 25 146 31 290 8 163 34 227 14 234 17 119 24 159 18 275 1 286 16 65 11 116
44 25 270 23 174 32 84 10 97 35 279 16 69 17 177 14 143 22 107 34 259 11 254 8 128 20 128 36 245 6 60 37 191 31 120 39 26 7 146 15 20 13 157 38 147 27 207 9 120 19 273 21 6
45 25 242 17 55 4 28 31 214 30 210 18 1 8 159 27 133 37 101 24 162 29 82 15 288 16 46 33 23 5 84 22 74 21 280 3 191 20 191 28 298 9 113 1 16 36 188 2 20 10 180 39 282
46 25 262 24 100 21 286 7 118 6 139 4 247 11 188 35 157 23 243 30 216 2 146 25 138 36 36 39 16 15 241 26 56 5 228 34 249 32 255 8 275 29 297 22 210 20 30 14 238 19 202 38 177
47 25 239 27 206 22 147 17 233 13 116 19 101 12 201 14 167 33 283 20 203 39 132 25 149 10 298 11 7 36 150 5 77 16 21 21 200 28 20 32 113 4 138 18 38 9 280 3 20 15 12 29 92
48 25 242 22 172 38 117 21 62 25 68 14 6 7 21 5 18 32 48 2 75 19 113 30 280 23 153 37 216 8 240 17 139 29 34 11 151 18 278 36 283 4 109 13 180 6 254 12 150 16 40 39 282
49 25 257 13 68 27 215 10 44 12 57 19 187 25 189 11 96 9 50 7 278 22 264 1 52 20 261 28 174 39 149 18 215 17 136 21 223 32 29 26 148 34 197 35 296 31 79 16 134 8 54 33 276
