0 25 585 21 100 68 162 43 16 4 83 76 284 47 128 31 174 59 128 84 204 36 236 8 76 87 213 33 83 2 173 51 199 45 271 55 259 90 35 9 88 26 131 28 204 86 171 16 60 78 204 88 152
1 25 484 6 136 3 192 58 66 34 135 1 220 41 208 31 299 16 133 69 151 39 275 8 290 67 251 5 97 73 247 87 151 2 56 26 279 12 247 17 76 59 106 86 56 55 218 88 29 36 225 49 38
2 25 517 56 167 50 296 34 199 85 248 87 220 53 249 14 186 16 263 4 299 1 231 90 267 82 281 21 252 3 31 57 69 10 86 8 271 11 244 97 218 49 5 89 181 19 77 42 80 9 250 48 186
3 25 502 5 273 90 8 7 109 65 294 25 74 32 270 30 36 37 40 11 280 71 125 6 101 91 147 41 146 48 15 38 87 78 219 29 97 21 90 97 137 14 142 34 79 1 269 17 84 19 173 98 25
4 25 562 28 7 14 178 20 142 3 264 4 135 1 160 52 42 60 22 21 205 46 108 27 221 38 38 83 8 54 243 13 24 59 177 65 3 82 66 22 80 61 226 88 291 99 142 87 138 79 104 18 214
5 25 475 29 267 6 63 11 25 71 264 74 8 13 246 5 156 40 188 1 59 19 36 25 26 89 87 10 47 99 175 79 285 15 64 7 219 27 136 46 196 47 127 38 172 86 259 88 56 8 126 18 287
6 25 547 6 290 42 150 85 12 93 255 8 70 66 138 38 176 95 187 26 175 11 267 39 55 1 273 46 101 5 17 28 190 32 72 53 223 48 236 55 60 18 1 54 101 61 178 100 62 64 268 21 143
7 25 454 82 216 52 100 64 223 5 237 10 150 19 162 9 1 44 136 2 7 17 258 1 122 73 230 87 75 72 102 21 220 33 165 16 88 4 200 7 103 20 135 56 190 88 200 13 57 95 205 18 90
8 25 486 55 14 7 251 77 120 66 169 28 73 19 220 65 249 4 224 13 145 60 218 74 119 36 44 10 276 44 139 2 100 71 226 9 167 79 281 8 268 63 70 5 276 18 188 89 133 20 286 51 148
9 25 499 68 152 67 56 40 54 17 1 10 139 29 86 46 281 62 194 93 256 1 9 19 83 70 294 6 251 15 17 43 156 26 38 56 250 12 182 2 224 51 47 18 229 60 78 83 186 91 166 13 108
10 25 506 1 230 99 272 3 25 50 151 49 210 30 71 52 229 84 146 11 230 5 72 6 98 36 96 38 83 21 59 14 283 22 110 69 257 71 156 27 120 76 125 59 296 19 255 48 82 94 189 28 159
11 25 551 94 116 17 89 81 261 12 71 14 45 63 116 24 12 51 182 5 193 70 289 42 161 34 53 48 145 39 151 4 246 6 221 9 147 15 18 90 11 71 98 57 124 2 223 66 156 96 179 93 7
12 25 453 25 27 28 99 17 295 16 99 50 139 31 29 62 209 67 63 89 107 43 183 26 300 68 273 36 99 3 153 37 81 6 298 85 222 15 67 79 151 2 84 20 132 14 221 21 192 5 210 61 225
13 25 529 11 219 51 219 7 18 37 160 4 216 96 51 82 32 50 162 32 114 56 267 39 160 88 291 65 242 5 158 19 135 25 68 45 122 81 243 20 114 76 226 13 20 48 183 2 211 21 267 85 132
14 25 443 2 127 56 144 25 82 26 150 74 300 89 261 12 261 31 214 46 26 37 232 1 215 33 213 18 21 13 75 72 260 30 79 42 205 15 295 90 72 65 144 19 132 6 41 17 170 10 80 58 243
15 25 415 41 8 1 113 7 244 10 21 15 291 70 203 45 196 26 205 34 291 33 241 87 195 20 266 4 258 97 63 54 188 6 83 3 31 46 187 22 269 23 2 28 275 25 231 52 146 14 109 68 53
16 25 537 42 5 1 50 84 253 45 165 6 65 87 12 37 120 7 257 66 117 79 54 92 12 65 13 76 146 56 176 3 260 4 189 54 291 19 282 97 92 50 112 23 128 38 22 29 35 5 82 10 4
17 25 446 3 285 1 123 99 96 51 283 55 182 44 197 43 44 33 62 90 205 93 159 15 101 36 204 10 148 6 78 5 73 12 159 29 296 56 279 22 156 17 120 37 147 40 169 35 176 41 46 20 75
18 25 560 2 61 56 153 8 152 1 262 58 25 13 92 43 119 33 35 64 63 50 175 6 297 70 57 61 287 86 17 3 273 36 183 14 279 35 122 91 238 51 50 84 159 99 212 55 216 26 270 76 181
19 25 602 91 263 61 4 74 163 86 210 76 225 32 189 49 146 82 114 12 150 11 175 99 239 13 173 1 31 42 94 50 243 41 38 2 224 51 80 19 88 6 77 60 203 22 263 97 134 62 246 66 16
20 25 578 38 164 24 143 57 3 17 117 76 101 50 145 89 173 94 140 39 210 4 276 61 272 77 63 60 79 59 300 42 115 8 177 15 201 13 95 20 67 86 19 28 228 49 145 14 228 46 156 90 17
21 25 507 45 193 90 78 26 267 20 297 34 201 27 106 4 226 60 67 1 25 39 4 2 204 87 106 32 10 72 211 47 134 77 217 62 96 65 230 51 162 9 13 98 42 12 172 7 250 37 206 10 265
22 25 443 5 141 4 154 35 36 75 4 13 108 68 243 55 235 18 165 24 209 31 195 7 274 67 246 84 103 12 87 3 33 1 81 2 166 15 99 29 69 91 265 40 137 62 162 44 141 46 18 56 261
23 25 450 6 40 16 281 78 24 97 37 2 129 75 148 7 130 8 252 81 275 40 104 1 168 94 151 53 252 29 162 34 27 38 205 4 74 13 286 26 213 39 276 24 57 10 140 85 228 35 11 5 73
24 25 443 7 12 64 91 10 24 24 130 2 162 96 21 30 147 19 300 47 240 1 258 22 95 39 28 14 47 59 235 29 151 72 148 6 114 69 82 40 107 13 150 11 275 70 132 12 37 71 82 60 279
25 25 516 1 206 28 151 62 174 8 112 54 154 11 4 71 44 24 37 92 239 75 300 4 118 12 107 69 259 20 233 18 44 35 248 43 108 37 101 5 85 73 246 82 48 59 54 23 94 80 15 47 281
26 25 548 27 215 94 54 92 34 15 100 4 23 98 154 16 212 54 193 67 25 10 251 14 225 5 13 20 30 9 211 86 183 95 14 46 158 53 276 48 231 43 244 84 101 11 258 79 224 1 154 25 151
27 25 574 99 277 81 186 2 237 94 259 86 109 16 273 1 277 36 118 5 169 9 205 4 212 13 85 3 277 100 116 92 191 78 288 57 12 97 167 12 174 18 261 67 194 6 195 72 66 30 59 71 207
28 25 442 17 261 15 105 10 300 41 202 73 264 7 162 28 108 6 293 21 16 8 41 65 280 1 269 42 209 3 284 11 73 67 190 59 109 2 138 87 228 83 58 4 75 56 172 77 257 68 72 34 219
29 25 500 15 291 48 94 22 63 37 198 28 188 2 222 16 60 38 95 25 154 85 127 10 54 11 91 66 209 51 268 67 66 64 274 19 139 99 87 61 41 93 53 4 112 24 83 26 53 1 135 88 257
30 25 485 75 181 5 137 2 223 86 87 83 32 6 106 94 20 64 195 1 219 18 8 91 112 46 142 8 84 13 117 35 83 16 246 43 76 10 73 11 146 15 163 52 280 69 58 12 284 38 145 77 139
31 25 472 36 224 17 30 41 237 47 82 38 174 75 97 21 161 53 208 1 8 2 93 22 221 23 160 70 222 39 210 62 157 27 277 40 276 43 206 84 250 5 284 83 297 7 60 12 257 16 69 80 185
32 25 497 58 55 81 120 36 282 10 54 11 104 28 231 87 180 38 157 21 216 1 51 30 173 2 88 33 272 97 165 12 52 29 289 5 134 99 284 88 121 24 233 52 67 51 35 35 102 27 287 40 187
33 25 534 69 156 55 168 19 239 38 250 92 68 75 46 7 258 17 247 79 178 34 45 46 173 1 153 12 91 83 181 5 75 62 55 45 235 3 135 99 53 18 131 50 196 44 80 53 275 41 136 21 239
34 25 482 9 14 37 96 62 256 34 194 16 33 51 64 8 254 58 253 57 33 32 97 21 124 28 157 42 113 38 135 10 10 69 153 92 140 44 272 90 242 25 192 15 26 83 35 7 96 35 103 1 103
35 25 518 3 142 63 155 72 82 24 123 9 31 65 164 71 175 2 83 10 221 33 120 16 300 1 119 8 195 83 141 4 167 67 261 19 69 6 194 90 152 75 121 86 200 14 24 70 56 64 45 82 229
36 25 534 2 29 7 245 22 112 53 253 10 4 15 215 72 47 94 176 77 205 39 215 75 44 46 97 44 265 6 275 32 96 45 17 99 215 1 286 67 59 63 75 13 289 47 32 17 41 36 166 87 212
37 25 560 63 270 6 257 88 129 7 164 2 284 86 161 32 150 1 131 3 292 68 208 54 257 46 194 20 121 73 217 85 219 65 74 9 287 17 150 38 59 72 230 45 53 12 168 98 37 83 197 48 278
38 25 431 41 31 23 169 19 261 3 188 33 128 11 278 20 20 75 208 44 22 9 125 84 228 2 230 17 120 1 168 34 122 15 168 14 107 37 237 62 198 98 98 12 141 54 16 61 189 43 227 50 210
39 25 510 54 75 23 244 92 17 36 281 34 299 22 64 1 76 45 191 98 137 20 32 28 247 27 211 2 79 37 61 77 82 46 85 76 110 53 139 90 192 96 247 8 246 7 112 38 186 5 243 6 45
40 25 572 3 226 78 160 66 50 41 210 31 95 89 227 22 9 14 31 64 80 17 149 7 53 72 175 5 235 2 111 53 36 92 224 60 270 43 108 24 130 75 169 95 37 29 110 70 175 12 103 81 298
41 25 510 27 34 11 176 88 256 1 89 5 155 30 127 18 164 31 49 3 40 43 178 42 267 40 253 17 19 54 216 50 118 75 56 15 8 33 175 81 10 61 54 73 40 37 6 98 10 59 63 28 70
42 25 519 98 89 67 57 37 21 14 147 86 264 23 151 7 201 31 143 46 110 2 94 89 282 24 287 78 233 83 214 84 106 33 134 19 184 36 204 57 247 3 248 17 22 12 71 48 134 30 111 15 285
43 25 514 1 261 4 299 3 184 16 37 67 125 27 208 58 39 91 290 2 212 17 78 28 177 49 27 97 24 14 261 26 163 20 182 74 285 43 155 76 200 47 165 46 241 54 165 96 159 32 243 40 208
44 25 592 1 95 67 215 74 100 32 219 2 198 76 78 3 275 52 46 35 264 88 218 25 35 65 167 13 245 70 98 69 83 98 246 51 20 18 291 78 130 45 212 94 63 23 59 17 71 84 234 5 246
45 25 512 8 104 5 136 10 108 51 252 74 252 23 42 3 109 77 174 12 293 70 300 37 175 55 2 52 233 44 163 43 189 40 171 67 81 13 250 31 77 2 169 48 95 56 202 32 262 96 98 75 186
46 25 471 59 216 64 31 33 37 69 218 27 291 97 262 28 155 26 245 14 32 2 298 67 115 20 89 4 289 16 87 98 163 5 236 6 57 61 129 7 239 18 138 82 258 8 103 3 126 57 154 71 259
47 25 385 49 201 20 230 8 145 5 105 15 172 16 297 71 277 29 259 2 257 45 286 18 103 3 215 72 63 39 141 1 129 37 181 63 221 41 288 57 251 69 265 22 208 38 142 6 120 12 81 33 292
48 25 541 5 241 93 2 56 129 99 226 45 219 9 174 60 288 7 159 21 168 37 227 84 60 20 274 4 109 25 160 86 103 1 64 39 1 23 266 40 97 59 92 2 89 55 84 98 127 82 29 33 202
49 25 608 89 108 17 272 2 191 65 197 11 270 5 278 77 205 16 56 50 54 84 204 22 131 28 79 80 80 1 272 12 4 97 72 53 59 9 16 98 206 76 122 88 256 66 195 71 155 86 14 14 278
