0 25 625 38 46 9 44 82 37 77 125 14 242 12 68 89 181 13 105 46 111 25 25 63 62 43 95 16 43 61 129 93 205 41 230 50 151 76 84 37 152 58 101 21 168 81 151 96 42 57 125 53 242
1 25 503 8 163 20 250 19 212 30 71 12 105 4 49 56 213 99 250 33 168 32 83 49 169 31 242 81 53 50 207 17 53 1 124 67 170 24 36 5 106 43 59 61 143 16 73 93 17 57 60 98 189
2 25 689 60 216 21 104 99 23 3 107 40 107 7 65 24 179 38 209 10 244 66 154 54 26 47 171 98 189 87 204 51 235 44 212 2 67 67 100 91 120 59 30 78 67 97 1 95 236 61 156 80 226
3 25 576 12 133 51 208 54 200 48 92 5 200 76 101 78 167 30 79 7 151 39 239 29 56 37 229 2 22 42 58 1 117 69 236 70 28 91 21 77 232 27 160 90 37 46 19 67 102 6 192 98 11
4 25 645 28 228 62 250 71 71 2 190 91 189 11 168 81 31 45 15 8 223 24 237 12 210 82 182 86 101 33 127 100 95 57 180 7 58 29 11 89 70 99 89 83 246 19 126 68 230 59 200 44 152
5 25 620 40 123 52 85 29 181 43 238 80 223 48 21 42 49 19 131 31 100 15 128 41 72 97 68 39 128 76 140 35 170 92 227 95 163 72 75 57 209 6 179 56 128 21 107 49 203 67 116 38 14
6 25 594 9 79 92 85 20 128 56 111 99 5 18 220 31 74 30 39 5 87 66 75 93 14 77 181 14 195 33 162 13 155 98 82 83 155 95 238 3 151 8 224 82 133 53 222 37 191 39 163 34 105
7 25 583 41 166 70 236 14 74 20 78 87 182 32 236 63 116 40 57 56 144 8 15 17 141 47 221 36 162 52 148 89 164 77 174 80 1 95 157 26 240 25 240 16 149 10 208 78 200 75 201 13 160
8 25 578 64 216 58 212 24 98 75 152 73 204 2 67 12 43 92 54 67 33 61 184 31 25 95 138 3 175 37 227 1 239 90 169 48 151 44 245 25 45 17 81 49 183 94 91 26 197 9 8 59 192
9 25 592 91 83 89 178 35 163 17 214 87 69 2 78 37 99 78 130 45 104 75 163 84 75 47 180 65 172 76 25 31 37 66 71 19 204 1 106 18 69 21 4 22 183 74 72 60 105 14 131 30 49
10 25 532 5 226 78 221 99 206 45 29 92 63 2 212 68 154 19 86 22 89 41 108 12 124 83 133 40 250 48 170 31 49 27 106 47 104 44 133 26 208 86 240 25 89 58 12 60 99 3 19 4 145
11 25 600 60 243 94 210 64 127 8 240 82 237 89 86 20 82 70 97 41 5 88 215 45 198 27 4 46 31 24 205 58 179 49 19 21 95 28 185 71 87 26 54 14 139 95 247 10 193 16 131 54 110
12 25 684 80 32 15 225 64 89 81 121 69 130 89 40 76 219 26 148 7 203 1 82 42 76 17 1 71 206 67 103 59 128 32 42 93 6 5 33 88 75 51 119 65 42 44 135 92 172 94 123 40 187
13 25 622 1 6 37 171 61 205 23 221 33 156 12 27 13 216 59 150 92 61 69 59 53 212 93 71 57 86 2 61 31 188 87 226 83 99 70 115 62 81 43 174 49 153 73 142 65 7 45 238 32 229
14 25 655 14 242 12 201 4 250 76 188 48 208 94 167 24 207 50 166 32 100 70 55 41 133 49 43 99 105 89 36 17 70 30 62 28 182 67 227 58 55 98 93 43 57 42 210 88 143 44 133 93 175
15 25 546 62 147 15 198 14 235 66 143 98 143 25 14 21 34 20 146 52 20 88 244 26 31 6 113 23 185 57 158 49 184 59 97 99 8 10 83 5 82 17 31 45 137 33 217 86 122 63 211 53 118
16 25 556 75 177 54 231 84 201 31 18 61 28 66 121 89 50 45 93 14 123 27 50 38 193 34 107 80 158 69 242 62 138 17 88 41 249 24 241 30 41 3 59 8 75 97 57 20 242 39 133 4 160
17 25 626 20 212 91 227 30 183 38 119 49 77 9 97 51 128 90 205 88 249 80 85 57 249 26 47 83 41 64 118 46 25 87 107 65 163 97 152 8 97 29 216 44 78 18 173 70 23 11 170 2 147
18 25 602 27 152 24 123 34 114 36 1 12 160 40 70 54 10 23 206 17 220 86 33 15 113 2 187 99 204 25 145 82 28 68 106 61 184 94 14 45 3 53 216 81 106 75 56 63 42 48 176 41 61
19 25 628 77 179 46 101 28 1 72 132 57 142 88 17 25 81 82 221 35 184 86 118 92 13 23 54 56 49 2 81 89 164 59 117 11 146 60 90 20 93 96 211 32 212 64 196 7 49 31 144 18 122
20 25 651 56 190 76 61 88 29 93 176 42 52 44 152 62 142 63 3 11 206 48 171 87 12 7 1 57 163 1 187 18 59 64 209 36 124 96 114 67 223 70 218 8 183 9 171 71 228 83 193 46 249
21 25 665 66 202 13 218 41 69 87 49 84 47 36 107 42 201 75 66 7 196 34 16 79 244 88 64 65 15 48 107 81 44 8 48 47 220 16 87 40 104 23 151 22 82 94 24 58 60 82 204 95 248
22 25 596 32 188 35 247 4 152 96 163 89 222 29 36 93 46 22 183 2 109 7 152 82 90 47 206 48 56 87 51 50 36 84 40 73 82 45 74 27 109 55 166 80 235 3 225 31 174 57 32 15 35
23 25 713 66 107 31 123 4 189 61 106 40 197 91 79 19 22 26 44 48 236 15 168 82 67 92 114 93 150 95 226 14 31 70 62 67 225 28 182 39 76 22 220 96 143 97 89 43 82 88 7 99 21
24 25 717 74 140 85 166 89 131 93 205 62 136 76 75 52 53 26 131 84 214 56 208 35 1 31 89 94 213 51 63 99 126 55 33 43 15 49 28 22 227 29 27 64 93 12 71 27 62 73 110 53 68
25 25 618 24 130 68 236 28 245 90 60 87 235 75 22 85 204 45 211 56 220 41 184 26 205 76 137 77 5 50 149 64 52 67 139 32 86 59 81 21 69 52 47 42 188 1 157 33 45 16 219 22 222
26 25 680 71 172 37 172 40 75 55 76 1 16 58 168 86 76 84 120 85 56 42 63 51 132 96 45 97 216 68 71 7 110 81 82 64 8 82 181 15 151 18 193 12 180 19 238 27 31 88 110 76 134
27 25 632 56 244 54 28 29 247 85 188 27 116 37 99 34 201 99 54 45 19 4 158 41 126 89 169 59 228 78 36 14 236 67 13 10 115 47 147 91 14 52 127 62 238 30 212 26 82 96 184 32 87
28 25 622 11 20 7 21 48 135 61 222 87 79 84 146 43 133 85 248 46 112 60 233 93 71 23 168 3 169 86 107 66 155 13 236 52 199 92 112 70 229 42 6 26 234 40 18 69 237 14 182 24 19
29 25 609 71 93 73 39 48 158 95 113 14 209 50 66 8 242 29 179 72 173 86 47 6 25 17 124 82 157 61 129 32 181 99 27 55 139 24 64 85 138 78 94 37 145 3 180 23 133 1 197 69 150
30 25 615 3 193 18 78 58 199 85 219 79 66 49 30 92 204 68 117 67 155 54 96 43 240 2 122 65 186 25 211 4 124 63 149 91 56 41 227 24 121 42 25 86 80 20 102 46 74 23 150 83 226
31 25 600 71 47 11 245 8 117 20 70 15 112 12 70 54 38 96 175 32 220 24 19 99 243 18 77 89 90 28 72 67 99 70 180 45 227 65 149 10 128 62 231 52 176 83 247 51 45 26 122 93 145
32 25 657 51 33 35 128 56 3 28 176 82 23 2 227 89 152 86 166 14 17 49 165 94 156 99 41 39 151 37 16 22 79 10 174 96 52 69 249 81 196 53 200 59 41 64 162 80 206 15 228 5 128
33 25 517 84 22 52 113 33 175 78 29 28 198 29 59 44 160 13 195 20 56 45 166 64 211 22 40 36 88 18 83 47 117 15 100 31 148 25 8 4 205 8 12 69 27 94 39 82 41 51 234 42 220
34 25 564 58 159 2 51 68 166 7 248 15 233 57 44 87 164 1 50 13 69 26 109 59 149 12 203 51 248 73 142 67 30 3 18 30 12 88 97 18 137 63 203 94 156 91 157 56 142 19 127 70 229
35 25 733 33 78 29 247 83 229 44 205 23 62 36 125 81 17 68 216 5 105 28 159 98 234 99 106 91 41 74 167 60 205 52 39 35 100 21 14 95 125 88 6 62 64 79 51 56 44 55 212 71 166
36 25 567 9 206 14 164 49 206 89 117 67 195 70 206 30 69 26 95 63 103 82 120 45 56 44 147 13 137 53 124 10 68 84 167 99 15 39 234 56 86 3 163 15 22 38 11 86 242 42 6 8 38
37 25 666 13 101 84 177 38 86 99 6 35 115 89 233 32 177 23 215 8 19 96 124 90 186 34 28 79 177 83 36 16 47 37 101 26 39 74 174 94 58 40 32 92 121 10 14 87 194 6 91 47 97
38 25 521 26 183 5 211 8 90 27 156 78 127 28 53 67 1 60 58 70 193 51 42 3 65 79 48 90 36 88 38 34 164 20 210 31 69 11 59 25 191 37 204 43 54 73 215 64 242 15 33 10 81
39 25 648 63 207 20 250 96 107 36 109 79 147 30 211 17 143 21 41 33 157 97 75 60 51 99 27 16 192 34 180 77 195 12 41 3 181 41 198 90 228 59 170 74 40 32 190 52 83 64 8 91 70
40 25 671 31 141 46 96 33 131 28 159 77 239 99 179 22 91 63 68 38 34 43 28 65 233 61 116 67 75 23 95 15 44 27 155 91 122 39 121 51 247 97 90 98 77 88 157 58 144 10 100 73 124
41 25 648 84 84 89 100 58 213 46 24 57 72 30 99 96 119 20 146 67 118 87 116 47 151 56 203 77 163 48 86 64 221 59 150 54 49 1 63 14 249 38 120 70 69 68 217 39 113 6 9 21 55
42 25 702 2 78 57 30 92 204 16 206 76 176 7 79 77 57 43 190 5 32 11 227 51 230 89 19 94 129 58 117 83 11 91 40 86 244 93 122 33 49 61 207 45 50 62 76 12 90 78 41 82 167
43 25 614 61 189 60 39 48 28 21 8 24 11 49 211 57 156 53 228 40 203 31 50 59 175 1 22 3 12 11 130 52 245 98 213 83 60 51 32 87 74 39 12 86 187 22 42 42 126 71 133 80 2
44 25 651 32 191 28 132 62 232 95 175 14 47 69 111 11 203 20 213 84 109 36 124 22 162 94 115 6 69 38 238 99 191 41 70 5 104 52 250 78 15 98 48 27 8 87 107 56 60 76 79 72 21
45 25 604 95 77 40 132 66 190 22 187 30 244 92 83 91 213 11 88 62 239 14 237 43 23 12 171 1 33 96 211 82 129 28 173 53 165 52 46 6 87 42 148 51 102 35 12 81 77 27 198 77 21
46 25 608 71 38 91 173 22 234 70 234 15 49 11 38 1 125 41 248 82 229 89 229 29 142 93 231 95 69 9 193 97 180 36 222 37 207 5 107 92 70 7 3 59 229 49 206 61 228 46 39 8 137
47 25 523 56 52 19 200 21 128 94 119 9 110 5 130 97 213 85 5 4 113 7 112 23 87 12 230 91 225 38 101 61 243 2 181 74 58 40 243 66 249 47 198 59 32 1 215 37 115 87 160 11 16
48 25 660 6 104 42 195 4 54 87 105 85 83 79 144 72 73 12 220 71 159 17 179 90 119 96 78 86 68 77 122 39 240 83 242 31 79 47 237 68 4 21 200 82 114 40 226 8 6 26 227 51 203
49 25 633 62 69 31 35 95 20 26 179 13 59 58 12 45 125 15 117 76 98 30 96 53 9 37 228 43 195 35 71 73 86 75 186 56 6 22 152 27 198 83 91 92 102 52 18 16 18 63 99 88 215
